3 10 0 0
3 9 2147483647 1
3 8 2147483647 2
3 7 2147483647 3
3 6 2147483647 4
3 5 2147483647 5
3 4 2147483647 6
2 4 2147483647 7
1 4 2147483647 8
1 3 2147483647 9
1 2 2147483647 10
2 2 2147483647 11
3 2 2147483647 12
4 2 2147483647 13
5 2 2147483647 14
5 3 2147483647 15
5 4 2147483647 16
5 5 2147483647 17
5 6 2147483647 18
6 6 2147483647 19
7 6 2147483647 20
7 5 2147483647 21
7 7 2147483647 21
7 8 2147483647 22
6 8 2147483647 23
5 8 2147483647 24
5 9 2147483647 25
5 10 2147483647 26
6 10 2147483647 27
7 10 2147483647 28
1 5 2147483647 9
1 6 2147483647 10
1 7 2147483647 11
1 8 2147483647 12
1 9 2147483647 13
1 10 2147483647 14
0 6 2147483647 11
